+228
+228
+228
+228
+228
+228
+228
+228
+228
+229
+229
+229
+229
+229
+230
+230
+230
+230
+230
+230
+230
+230
+230
+231
+234
+238
+241
+244
+247
+249
+252
+256
+260
+263
+266
+270
+274
+278
+282
+286
+290
+295
+298
+302
+306
+309
+312
+315
+318
+321
+323
+326
+329
+331
+334
+336
+339
+341
+343
+345
+347
+349
+351
+352
+354
+356
+358
+359
+360
+361
+363
+364
+365
+366
+368
+369
+370
+371
+371
+373
+373
+374
+375
+376
+376
+377
+378
+378
+379
+380
+380
+381
+381
+383
+383
+383
+384
+385
+385
+385
+385
+386
+386
+386
+387
+387
+388
+388
+388
+388
+389
+389
+389
+390
+390
+390
+390
+390
+391
+391
+391
+391
+391
+392
+393
+393
+393
+393
+393
+393
+394
+394
+394
+394
+394
+394
+394
+394
+395
+395
+395
+395
+395
+395
+395
+395
+395
+395
+394
+393
+393
+391
+391
+390
+388
+388
+386
+386
+385
+383
+383
+381
+380
+378
+376
+373
+370
+368
+366
+363
+360
+358
+356
+355
+353
+351
+348
+346
+344
+341
+340
+338
+335
+333
+331
+330
+329
+328
+326
+325
+323
+322
+321
+320
+319
+317
+316
+315
+313
+312
+311
+310
+308
+307
+306
+305
+305
+303
+303
+301
+301
+300
+298
+297
+295
+294
+293
+291
+290
+287
+285
+282
+280
+280
+279
+278
+276
+275
+273
+271
+270
+269
+268
+267
+266
+265
+263
+262
+261
+260
+259
+258
+258
+257
+256
+255
+254
+253
+252
+251
+251
+250
+250
+249
+248
+248
+247
+246
+245
+245
+244
+243
+243
+243
+243
+243
+242
+242
+242
+242
+242
+241
+241
+241
+241
+241
+241
+241
+241
+241
+240
+240
+240
+240
+240
+240
+240
+240
+241
+241
+242
+243
+245
+246
+247
+248
+250
+252
+255
+257
+260
+261
+263
+264
+265
+267
+268
+270
+271
+272
+272
+271
+271
+271
+270
+266
+261
+258
+253
+248
+243
+240
+236
+232
+228
+224
+220
+215
+211
+208
+203
+199
+195
+191
+186
+183
+178
+174
+170
+166
+163
+159
+155
+151
+147
+143
+140
+136
+132
+129
+125
+122
+118
+115
+111
+108
+105
+101
+098
+095
+092
+089
+086
+083
+080
+077
+074
+071
+068
+066
+063
+060
+058
+055
+053
+050
+048
+045
+043
+040
+038
+036
+033
+031
+029
+026
+025
+023
+020
+018
+016
+015
+012
+011
+008
+006
+005
+003
+001
+000
-001
-003
-005
-006
-008
-010
-011
-013
-014
-015
-017
-018
-020
-021
-023
-024
-025
-026
-028
-029
-030
-031
-033
-034
-035
-036
-037
-038
-039
-040
-041
-043
-043
-045
-045
-046
-047
-048
-049
-050
-051
-052
-053
-053
-055
-055
-056
-056
-058
-058
-059
-060
-060
-061
-062
-063
-063
-064
-065
-065
-066
-066
-067
-068
-068
-069
-070
-070
-070
-071
-071
-072
-073
-073
-073
-074
-075
-075
-075
-076
-076
-076
-077
-078
-078
-078
-079
-079
-080
-080
-080
-081
-081
-081
-081
-082
-082
-083
-083
-083
-083
-084
-085
-085
-085
-085
-085
-086
-086
-086
-086
-086
-087
-087
-088
-088
-088
-088
-088
-088
-089
-089
-089
-090
-090
-090
-090
-090
-090
-091
-091
-091
-091
-091
-091
-091
-092
-092
-092
-092
-093
-093
-093
-093
-093
-093
-093
-093
-093
-094
-094
-094
-094
-094
-094
-095
-095
-095
-095
-095
-095
-095
-095
-095
-095
-095
-095
-095
-096
-096
-096
-096
-096
-096
-096
-096
-096
-096
-096
-096
-096
-096
-096
-096
-096
-096
-096
-096
-096
-096
-097
-096
-097
-097
-097
-097
-097
-097
-097
-097
-097
-097
-097
-097
-097
-097
-097
-097
-097
-097
-097
-097
-098
-098
-098
-098
-098
-098
-098
-098
-098
-098
-098
-098
-098
-098
-098
-098
-098
-098
-098
-098
-098
-098
-098
-098
-098
-098
-098
-098
-098
-098
-098
-098
-098
-098
-098
-098
-098
-098
-098
-098
-098
-098
-097
-098
-097
-098
-098
-097
-097
-098
-097
-097
-097
-097
-097
-097
-097
-097
-097
-097
-097
-097
-097
-097
-097
-097
-097
-097
-097
-097
-097
-097
-097
-096
-096
-096
-096
-096
-096
-096
-096
-096
-096
-096
-096
-096
-096
-096
-096
-096
-096
-096
-096
-096
-096
-096
-096
-096
-096
-096
-096
-096
-096
-096
-096
-096
-096
-096
-096
-096
-096
-095
-095
-095
-095
-095
-095
-095
-095
-095
-095
-095
-095
-095
-095
-095
-095
-095
-095
-095
-095
-095
-095
-095
-095
-095
-095
-095
-095
-095
-095
-094
-094
-094
-094
-094
-094
-093
-093
-093
-093
-093
-093
-093
-093
-093
-093
-093
-093
-093
-093
-093
-092
-092
-092
-092
-092
-092
-092
-092
-091
-091
-080
-069
-060
-053
-046
-043
-041
-039
-037
-035
-033
-032
-030
-028
-026
-025
-023
-021
-020
-018
-016
-015
-013
-011
-010
-008
-006
-005
-003
-001
+000
+001
+002
+003
+005
+006
+008
+009
+010
+012
+013
+015
+016
+017
+018
+019
+020
+021
+023
+023
+025
+026
+029
+036
+043
+047
+050
+051
+053
+055
+058
+060
+062
+065
+066
+069
+071
+073
+075
+077
+080
+081
+084
+086
+088
+090
+091
+093
+095
+096
+098
+099
+101
+102
+103
+107
+111
+116
+120
+124
+127
+130
+134
+139
+144
+150
+153
+157
+161
+166
+170
+174
+178
+182
+186
+190
+193
+196
+200
+204
+206
+208
+208
+209
+210
+211
+211
+212
+213
+213
+213
+214
+215
+215
+215
+216
+216
+216
+216
+217
+217
+218
+218
+218
+218
+219
+219
+219
+220
+220
+220
+220
+220
+220
+220
+221
+221
+221
+221
+221
+221
+221
+221
+221
+221
+222
+222
+222
+222
+222
+222
+222
+223
+223
+223
+223
+223
+223
+223
+223
+223
+223
+223
+223
+223
+223
+223
+223
+222
+222
+222
+222
+223
+223
+223
+223
+223
+223
+223
+223
+223
+223
+223
+223
+223
+223
+223
+223
+223
+223
+223
+223
+223
+223
+223
+224
+224
+224
+224
+224
+224
+224
+225
+225
+225
+225
+225
+225
+225
+225
+225
+225
+225
+225
+225
+225
+225
+225
+225
+225
+225
+226
+226
+226
+226
+226
+226
+226
+226
2000
